== meta.data columns ==
 [1] "orig.ident"               "nCount_RNA"              
 [3] "nFeature_RNA"             "Patient.ID"              
 [5] "Disease.status"           "non.NAFLD.disease"       
 [7] "Lobe"                     "manuscript.expt"         
 [9] "SAF.Score"                "Steatosis"               
[11] "Ballooning"               "Inflammation"            
[13] "Fibrosis.score..F0.4."    "Gender"                  
[15] "Age"                      "BMI"                     
[17] "Ethnic.group"             "Diabetes.type.2"         
[19] "hypertension"             "dyslipidaemia"           
[21] "cardiovascular.disease"   "obstructive.sleep.apnoea"
[23] "percent.mt.RNA"           "percent.rp.RNA"          
[25] "nCount_SCT"               "nFeature_SCT"            
[27] "SCT_snn_res.0.1"          "SCT_snn_res.0.3"         
[29] "SCT_snn_res.0.5"          "SCT_snn_res.0.7"         
[31] "SCT_snn_res.0.9"          "SCT_snn_res.1.1"         
[33] "SCT_snn_res.1.3"          "SCT_snn_res.1.5"         
[35] "SCT_snn_res.2"            "seurat_clusters"         
[37] "cell.annotation.version"  "cell.annotation"         
[39] "SCT_snn_orig.0.1"         "SCT_snn_res.0.4"         
[41] "SCT_snn_orig.0.4"         "SCT_snn_res.0.8"         
[43] "SCT_snn_orig.0.8"         "SCT_snn_res.1.2"         
[45] "SCT_snn_orig.1.2"         "SCT_snn_res.1.6"         
[47] "SCT_snn_orig.1.6"         "SCT_snn_harmony_t.0.0.1" 
[49] "SCT_snn_harmony_t.0.0.4"  "SCT_snn_harmony_t.0.0.8" 
[51] "SCT_snn_harmony_t.0.1.2"  "SCT_snn_harmony_t.0.1.6" 
[53] ".ident"                  

[ Disease.status ]

 NASH w/o cirrhosis           end stage               NAFLD     Healthy control 
              45530               31490               10388                7104 
NASH with cirrhosis 
               5297 

[ non.NAFLD.disease ]

                      Biliary stone disease 
                98949                   860 

[ Lobe ]

  Right Caudate    Left 
  74021   13028   10832 

[ manuscript.expt ]
   CG 
99809 

[ SAF.Score ]

      end stage          S2A3F3          S1A1F1          S2A4F3          S2A3F2 
          31490            7463            7263            6108            5255 
healthy control          S1A3F2          S1A3F4          S2A2F1          S2A3F1 
           5176            5014            4643            4114            4034 
         S1A4F3          S3A3F2          S3A4F2          S1A1F0          S2A2F3 
           3988            3007            2377            2337            1614 
         S1A1F2          S0A1F0          S3A3F1          S1A2F2          S2A3F4 
           1119            1068            1038             917             654 
         S2A4F2          S1A0F3 
            601             529 

[ Steatosis ]

      end stage               2               1               3 healthy control 
          31490           29843           25810            6422            5176 
              0 
           1068 

[ Ballooning ]

              2       end stage               1               0 healthy control 
          43144           31490           11754            8245            5176 

[ Inflammation ]

              1       end stage               2               0 healthy control 
          43571           31490           14112            5460            5176 

[ Gender ]

    M     F 
63222 36587 

[ Age ]

   59    68    63    55    57    60    72    65    38    53    47    50    71 
10987 10752  8649  7065  6392  5542  5317  4679  3844  3694  3619  3606  3606 
   41    56    70    45    67    49    76    61    74    62    66    21    44 
 2761  2479  2450  1632  1614  1576  1538  1375  1332  1301  1127  1119   917 
   48    32 
  654   182 

[ Ethnic.group ]

                    White British other white background (Portugal) 
                            95303                              2314 
                         Nigerian 
                              860 

[ Diabetes.type.2 ]

  yes    no 
61417 37060 

[ hypertension ]

   no   yes 
57395 41082 

[ dyslipidaemia ]

   no   yes 
62285 36192 

[ cardiovascular.disease ]

   no   yes 
57395 41082 

[ obstructive.sleep.apnoea ]

   no   yes 
93369  5108 

[ SCT_snn_res.0.1 ]

    0     1     2     3     4     5     6     7 
46440 20377 11592  6209  5594  4318  3700  1579 

[ SCT_snn_res.0.3 ]

    0     1     2     3     4     5     6     7     8     9    10    11    12 
20875 18101 15306 11526  5925  5828  5638  4697  3657  3537  2495  1616   608 

[ SCT_snn_res.0.5 ]

    0     1     2     3     4     5     6     7     8     9    10    11    12 
15279 13272 11642 10108  6784  6366  5924  5656  5551  3661  3476  3221  2473 
   13    14    15    16 
 2228  1940  1616   612 

[ SCT_snn_res.0.7 ]

    0     1     2     3     4     5     6     7     8     9    10    11    12 
15698 11012  9315  7846  5639  5600  5437  4764  4412  4345  3633  3444  3010 
   13    14    15    16    17    18    19    20    21    22 
 2873  2665  2404  2126  1800  1406  1227   615   318   220 

[ SCT_snn_res.0.9 ]

    0     1     2     3     4     5     6     7     8     9    10    11    12 
11723 10867  9780  8048  5733  5338  4680  4513  4073  3660  3529  3499  3477 
   13    14    15    16    17    18    19    20    21    22    23 
 3229  2903  2762  2664  2446  2114  1406  1231  1123   753   258 

[ SCT_snn_res.1.1 ]

    0     1     2     3     4     5     6     7     8     9    10    11    12 
11388 10575  7254  6535  5687  5603  5525  4292  4281  4230  3483  3000  2780 
   13    14    15    16    17    18    19    20    21    22    23    24    25 
 2641  2555  2500  2262  2208  2053  1732  1431  1406  1306  1288  1178   774 
   26    27    28    29 
  745   697   317    83 

[ SCT_snn_res.1.3 ]

   0    1    2    3    4    5    6    7    8    9   10   11   12   13   14   15 
9025 8771 7555 5602 5105 4875 4629 4103 3740 3601 3257 3235 3223 3137 3000 2735 
  16   17   18   19   20   21   22   23   24   25   26   27   28   29   30   31 
2672 2544 2531 2238 2069 1823 1775 1771 1406 1372 1234 1101  754  468  332   83 
  32 
  43 

[ SCT_snn_res.1.5 ]

   0    1    2    3    4    5    6    7    8    9   10   11   12   13   14   15 
9020 7662 7428 6180 6156 4924 4789 3728 3089 2989 2767 2754 2713 2664 2624 2560 
  16   17   18   19   20   21   22   23   24   25   26   27   28   29   30   31 
2505 2404 2378 2251 2237 2115 1964 1927 1488 1405 1180 1075 1005  894  813  759 
  32   33   34   35   36 
 438  326  305  157  136 

[ seurat_clusters ]

   0    1    2    3    4    5    6    7    8    9   10   11   12   13   14   15 
8587 8549 7748 7181 6150 5945 5797 4432 3826 3286 2920 2840 2784 2742 2665 2554 
  16   17   18   19   20   21   22   23   24   25   26   27   28   29   30   31 
2536 2419 2332 1916 1693 1589 1586 1346 1272 1212 1060  768  742  742  255  174 
  32 
 161 

[ cell.annotation.version ]
Annot.Jan2021.tmp 
            99809 

[ cell.annotation ]

   Hepatocytes    Endothelial    Lymphocytes Cholangiocytes       Stellate 
         69426          11558           5755           5412           3593 
   Macrophages    Neutrophils       B-cell 2       B-cell 1        unknown 
          3014            470            243            216            122 

[ SCT_snn_orig.0.1 ]

    0     1     2     3     4     5     6     7     8 
45403 16553 11527  5798  5704  5621  4141  3657  1405 

[ SCT_snn_res.0.4 ]

    0     1     2     3     4     5     6     7     8     9    10    11    12 
23215 20951 17782  8857  5954  5625  3698  3598  2446  2286  2131  1592   736 
   13    14 
  678   260 

[ SCT_snn_orig.0.4 ]

    0     1     2     3     4     5     6     7     8     9    10    11    12 
21079 15265 15028  8295  5939  5645  5548  5207  3475  3475  3257  2955  2415 
   13    14 
 1615   611 

[ SCT_snn_res.0.8 ]

    0     1     2     3     4     5     6     7     8     9    10    11    12 
12369 11616 10618  8875  8354  7581  5203  4523  3812  3632  3131  2700  2613 
   13    14    15    16    17    18    19    20    21    22    23 
 2399  1964  1737  1674  1585  1436  1433  1059   765   401   329 

[ SCT_snn_orig.0.8 ]

    0     1     2     3     4     5     6     7     8     9    10    11    12 
13468 11125 10869  8611  5680  5566  4932  4356  4127  3475  3393  3321  2804 
   13    14    15    16    17    18    19    20    21    22    23    24 
 2557  2275  2228  1766  1713  1543  1405  1395  1211   919   753   317 

[ SCT_snn_res.1.2 ]

   0    1    2    3    4    5    6    7    8    9   10   11   12   13   14   15 
9136 8713 7891 7573 7516 7030 5727 3973 3962 3672 3597 3316 3193 2831 2640 2496 
  16   17   18   19   20   21   22   23   24   25   26   27   28   29   30 
1953 1829 1657 1600 1532 1453 1390 1333 1059  745  745  565  259  249  174 

[ SCT_snn_orig.1.2 ]

    0     1     2     3     4     5     6     7     8     9    10    11    12 
10931  9209  8604  7233  5643  5146  4423  4394  3995  3654  3381  3322  3245 
   13    14    15    16    17    18    19    20    21    22    23    24    25 
 2900  2566  2428  2328  2257  2243  2207  1780  1406  1402  1229  1173   912 
   26    27    28    29 
  775   564   323   136 

[ SCT_snn_res.1.6 ]

   0    1    2    3    4    5    6    7    8    9   10   11   12   13   14   15 
8587 8549 7748 7181 6150 5945 5797 4432 3826 3286 2920 2840 2784 2742 2665 2554 
  16   17   18   19   20   21   22   23   24   25   26   27   28   29   30   31 
2536 2419 2332 1916 1693 1589 1586 1346 1272 1212 1060  768  742  742  255  174 
  32 
 161 

[ SCT_snn_orig.1.6 ]

   0    1    2    3    4    5    6    7    8    9   10   11   12   13   14   15 
9486 7686 6694 6256 4812 4546 4386 4186 4124 3656 3187 3083 3039 2974 2511 2419 
  16   17   18   19   20   21   22   23   24   25   26   27   28   29   30   31 
2356 2282 2227 2032 1973 1803 1775 1507 1406 1120 1100 1094 1031 1020 1019  917 
  32   33   34   35   36   37   38 
 754  388  338  217  185  136   84 

[ SCT_snn_harmony_t.0.0.1 ]

    0     1     2     3     4     5     6     7 
46440 20377 11592  6209  5594  4318  3700  1579 

[ SCT_snn_harmony_t.0.0.4 ]

    0     1     2     3     4     5     6     7     8     9    10    11    12 
23215 20951 17782  8857  5954  5625  3698  3598  2446  2286  2131  1592   736 
   13    14 
  678   260 

[ SCT_snn_harmony_t.0.0.8 ]

    0     1     2     3     4     5     6     7     8     9    10    11    12 
12369 11616 10618  8875  8354  7581  5203  4523  3812  3632  3131  2700  2613 
   13    14    15    16    17    18    19    20    21    22    23 
 2399  1964  1737  1674  1585  1436  1433  1059   765   401   329 

[ SCT_snn_harmony_t.0.1.2 ]

   0    1    2    3    4    5    6    7    8    9   10   11   12   13   14   15 
9136 8713 7891 7573 7516 7030 5727 3973 3962 3672 3597 3316 3193 2831 2640 2496 
  16   17   18   19   20   21   22   23   24   25   26   27   28   29   30 
1953 1829 1657 1600 1532 1453 1390 1333 1059  745  745  565  259  249  174 

[ SCT_snn_harmony_t.0.1.6 ]

   0    1    2    3    4    5    6    7    8    9   10   11   12   13   14   15 
8587 8549 7748 7181 6150 5945 5797 4432 3826 3286 2920 2840 2784 2742 2665 2554 
  16   17   18   19   20   21   22   23   24   25   26   27   28   29   30   31 
2536 2419 2332 1916 1693 1589 1586 1346 1272 1212 1060  768  742  742  255  174 
  32 
 161 

[ .ident ]

   0    1    2    3    4    5    6    7    8    9   10   11   12   13   14   15 
8587 8549 7748 7181 6150 5945 5797 4432 3826 3286 2920 2840 2784 2742 2665 2554 
  16   17   18   19   20   21   22   23   24   25   26   27   28   29   30   31 
2536 2419 2332 1916 1693 1589 1586 1346 1272 1212 1060  768  742  742  255  174 
  32 
 161 
